Centre: Vall d'Hebron Input Model CV: ccv transfer_learn
Global: 0.868888888888889
Personalised: 0.8355555555555554
